n = 121932633334857493
e = 65537
18614987690134960
80241975062352015
62118879879685632
67010730259016469
73606071882174355
72268956005944389
108164711918989832
9178301839132092
107122582752379521
120644000357270154
121345180465876233
3326140658562289
44804496118537400
8653269463878835
80832128249628292
63836205077337975
47660134100261062
107508042913774424
19379267983204368
18614987690134960
80241975062352015
62118879879685632
67010730259016469
108164711918989832
20235315428725595
803387078212791
19925569356360018
81185383605533373
19798972470563149
94792557461803647
80832128249628292
2912152279201901
75499255906642182
53676502669342323
68522020025914644
19798972470563149
118134424150603180
117128943141350038
53850304753543502
22455643812002138
117128943141350038
108164711918989832
63467524234494284
78237426361365256
6908087300953311
5393674303403666
120691701469066156
3326140658562289
45394660127574559
40625218842510651
6908087300953311
80832128249628292
63836205077337975
80832128249628292
8653269463878835
65056706023801099
53850304753543502
72287000561813501
25693101034396808
108164711918989832
50976650793470422
44804496118537400
105271325966616298
39062155707593688
120691701469066156
6908087300953311
28215489115752807
7520782383303001
80832128249628292
8653269463878835
92386057413537711
11942236982125482
52498359437488521
120691701469066156
65056706023801099
23249905920354590
12907935468524126
80740069777183594
18693132527761884
9170455438461221
80832128249628292
63836205077337975
80832128249628292
8653269463878835
107508042913774424
19379267983204368
18614987690134960
80241975062352015
120118633566195455
108164711918989832
110559211383182880
80740069777183594
14821493165919576
108786594958870368
120644000357270154
101581464277835311
2912152279201901
44804496118537400
8653269463878835
54773442787014487
42436692852722004
106564755269986069
19798972470563149
27135831041001759
35188323314504775
57732915545577695
39816056470817638
27613733184588944
109413897305713618
39816056470817638
10073214857130576
27613733184588944
41332680501070858
87202806044919910
87591562707862557
603254308021802
65864149963361769
109413897305713618
54172530448248760
84001665777283630
65864149963361769
109413897305713618
84001665777283630
41332680501070858
87202806044919910
71460099871447085
63608201314134294
87860525770319422
68522020025914644
5130925551228769
31779761220076200
53850304753543502
89123004897095839
108164711918989832
73606071882174355
89148789723884737
19798972470563149
72287000561813501
25693101034396808
108164711918989832
50447943242974838
120691701469066156
108164711918989832
118444399752043317
55735847545353421
68522020025914644
47660134100261062
107508042913774424
19379267983204368
94793879343249252
72382564421401364
108164711918989832
73606071882174355
72268956005944389
3326140658562289
70512914684920584
80740069777183594
53850304753543502
31259757714029462
120644000357270154
80740069777183594
22455643812002138
117128943141350038
108164711918989832
48863192253750895
67594508086099950
6908087300953311
73606071882174355
105078587839698685
65056706023801099
72287000561813501
25693101034396808
3326140658562289
37145863924888243
106651787625069370
2912152279201901
44804496118537400
78421043794827451
89123004897095839
6908087300953311
68522020025914644
80832128249628292
45037087948897035
34164692145504768
107508042913774424
19379267983204368
94793879343249252
72603381069718534
50121210904976822
65818864629755169
108164711918989832
1879742986104344
101581464277835311
8653269463878835
52498359437488521
120691701469066156
3326140658562289
15888131941438600
92386057413537711
80740069777183594
97757268060851863
102413978668991690
80832128249628292
53850304753543502
21667286392099889
43827553865452036
108164711918989832
26983079299786902
61453569482348199
3326140658562289
29739661624218902
31779761220076200
7520782383303001
7614476326029014
2912152279201901
117128943141350038
36493609725701165
31259757714029462
44804496118537400
107508042913774424
19379267983204368
72287000561813501
25693101034396808
108164711918989832
99173046717491346
91151675173309099
65056706023801099
31259757714029462
120644000357270154
80740069777183594
110121957203596445
89526124975219086
80832128249628292
44804496118537400
50121210904976822
108164711918989832
6908087300953311
118134424150603180
78421043794827451
89123004897095839
6908087300953311
3326140658562289
95804698799563419
37290758374447900
31779761220076200
107952474644077533
106651787625069370
2912152279201901
9178301839132092
31779761220076200
63836205077337975
47660134100261062
107508042913774424